rlap tpr_snid tpr_dash tpr_superfit fpr_snid fpr_dash fpr_superfit
0.0 0.8961267605633803 0.7887323943661971 0.8591549295774648 0.1575492341356674 0.08096280087527352 0.0700218818380744
0.1 0.8961267605633803 0.7887323943661971 0.8591549295774648 0.1575492341356674 0.08096280087527352 0.0700218818380744
0.2 0.8961267605633803 0.7887323943661971 0.8591549295774648 0.1575492341356674 0.08096280087527352 0.0700218818380744
0.30000000000000004 0.8961267605633803 0.7887323943661971 0.8591549295774648 0.1575492341356674 0.08096280087527352 0.0700218818380744
0.4 0.8961267605633803 0.7887323943661971 0.8591549295774648 0.1575492341356674 0.08096280087527352 0.0700218818380744
0.5 0.8961267605633803 0.7887323943661971 0.8591549295774648 0.1575492341356674 0.08096280087527352 0.0700218818380744
0.6000000000000001 0.8961267605633803 0.7887323943661971 0.8591549295774648 0.1575492341356674 0.08096280087527352 0.0700218818380744
0.7000000000000001 0.8961267605633803 0.7887323943661971 0.8591549295774648 0.1575492341356674 0.08096280087527352 0.0700218818380744
0.8 0.8961267605633803 0.7887323943661971 0.8591549295774648 0.1575492341356674 0.08096280087527352 0.0700218818380744
0.9 0.8961267605633803 0.7887323943661971 0.8591549295774648 0.1575492341356674 0.08096280087527352 0.0700218818380744
1.0 0.8961267605633803 0.7887323943661971 0.8591549295774648 0.1575492341356674 0.08096280087527352 0.0700218818380744
1.1 0.8961267605633803 0.7887323943661971 0.8591549295774648 0.1575492341356674 0.08096280087527352 0.0700218818380744
1.2000000000000002 0.8961267605633803 0.7887323943661971 0.8591549295774648 0.1575492341356674 0.08096280087527352 0.0700218818380744
1.3 0.8961267605633803 0.7887323943661971 0.8591549295774648 0.1575492341356674 0.08096280087527352 0.0700218818380744
1.4000000000000001 0.8961267605633803 0.7887323943661971 0.8591549295774648 0.1575492341356674 0.08096280087527352 0.0700218818380744
1.5 0.8961267605633803 0.7887323943661971 0.8591549295774648 0.1575492341356674 0.08096280087527352 0.0700218818380744
1.6 0.8961267605633803 0.7887323943661971 0.8591549295774648 0.1575492341356674 0.08096280087527352 0.0700218818380744
1.7000000000000002 0.8961267605633803 0.7887323943661971 0.8591549295774648 0.1575492341356674 0.08096280087527352 0.0700218818380744
1.8 0.8961267605633803 0.7887323943661971 0.8591549295774648 0.1575492341356674 0.08096280087527352 0.0700218818380744
1.9000000000000001 0.8961267605633803 0.7887323943661971 0.8591549295774648 0.1575492341356674 0.08096280087527352 0.0700218818380744
2.0 0.8961267605633803 0.7887323943661971 0.8591549295774648 0.1575492341356674 0.08096280087527352 0.0700218818380744
2.1 0.8961267605633803 0.7887323943661971 0.8591549295774648 0.1575492341356674 0.08096280087527352 0.0700218818380744
2.2 0.8961267605633803 0.7887323943661971 0.8591549295774648 0.1575492341356674 0.08096280087527352 0.0700218818380744
2.3000000000000003 0.8961267605633803 0.7887323943661971 0.8591549295774648 0.1575492341356674 0.08096280087527352 0.0700218818380744
2.4000000000000004 0.8961267605633803 0.7887323943661971 0.8591549295774648 0.1575492341356674 0.08096280087527352 0.0700218818380744
2.5 0.8961267605633803 0.7887323943661971 0.8591549295774648 0.1575492341356674 0.08096280087527352 0.0700218818380744
2.6 0.8961267605633803 0.7887323943661971 0.8591549295774648 0.1575492341356674 0.08096280087527352 0.0700218818380744
2.7 0.8961267605633803 0.7887323943661971 0.8591549295774648 0.1575492341356674 0.08096280087527352 0.0700218818380744
2.8000000000000003 0.8961267605633803 0.7887323943661971 0.8591549295774648 0.1575492341356674 0.08096280087527352 0.0700218818380744
2.9000000000000004 0.8961267605633803 0.7887323943661971 0.8591549295774648 0.1575492341356674 0.08096280087527352 0.0700218818380744
3.0 0.8961267605633803 0.7887323943661971 0.8591549295774648 0.1575492341356674 0.08096280087527352 0.0700218818380744
3.1 0.8961267605633803 0.7887323943661971 0.8591549295774648 0.1575492341356674 0.08096280087527352 0.0700218818380744
3.2 0.8961267605633803 0.7887323943661971 0.8591549295774648 0.1575492341356674 0.08096280087527352 0.0700218818380744
3.3000000000000003 0.8961267605633803 0.7887323943661971 0.8591549295774648 0.1575492341356674 0.08096280087527352 0.0700218818380744
3.4000000000000004 0.8961267605633803 0.7887323943661971 0.8591549295774648 0.1575492341356674 0.08096280087527352 0.0700218818380744
3.5 0.8961267605633803 0.7887323943661971 0.8591549295774648 0.1575492341356674 0.0787746170678337 0.06783369803063458
3.6 0.8961267605633803 0.7887323943661971 0.8591549295774648 0.1575492341356674 0.0787746170678337 0.06783369803063458
3.7 0.8943661971830986 0.7887323943661971 0.8591549295774648 0.1575492341356674 0.0787746170678337 0.06783369803063458
3.8000000000000003 0.8943661971830986 0.7887323943661971 0.8591549295774648 0.1575492341356674 0.0787746170678337 0.06783369803063458
3.9000000000000004 0.8943661971830986 0.7869718309859155 0.8573943661971831 0.1575492341356674 0.0787746170678337 0.06783369803063458
4.0 0.8943661971830986 0.7869718309859155 0.8573943661971831 0.1575492341356674 0.0787746170678337 0.06783369803063458
4.1000000000000005 0.8926056338028169 0.7852112676056338 0.8556338028169014 0.1575492341356674 0.0787746170678337 0.06783369803063458
4.2 0.8926056338028169 0.7852112676056338 0.8556338028169014 0.15536105032822758 0.07658643326039387 0.06783369803063458
4.3 0.8926056338028169 0.7852112676056338 0.8556338028169014 0.15098468271334792 0.07658643326039387 0.06783369803063458
4.4 0.8926056338028169 0.7852112676056338 0.8556338028169014 0.1487964989059081 0.07658643326039387 0.06783369803063458
4.5 0.8908450704225352 0.7834507042253521 0.8538732394366197 0.14660831509846828 0.07658643326039387 0.06783369803063458
4.6000000000000005 0.8908450704225352 0.7834507042253521 0.8538732394366197 0.14442013129102846 0.07658643326039387 0.06783369803063458
4.7 0.8908450704225352 0.7834507042253521 0.8538732394366197 0.1400437636761488 0.07658643326039387 0.06783369803063458
4.800000000000001 0.8908450704225352 0.7816901408450704 0.852112676056338 0.13566739606126915 0.07658643326039387 0.06783369803063458
4.9 0.8890845070422535 0.7764084507042254 0.846830985915493 0.13347921225382933 0.07439824945295405 0.06783369803063458
5.0 0.8890845070422535 0.7764084507042254 0.846830985915493 0.12910284463894967 0.07439824945295405 0.06783369803063458
5.1000000000000005 0.8890845070422535 0.7746478873239436 0.846830985915493 0.12253829321663019 0.07439824945295405 0.06783369803063458
5.2 0.8838028169014085 0.7711267605633803 0.8415492957746479 0.11816192560175055 0.07221006564551423 0.06564551422319474
5.300000000000001 0.8767605633802817 0.7693661971830986 0.8327464788732394 0.11597374179431072 0.07221006564551423 0.06564551422319474
5.4 0.8732394366197183 0.7658450704225352 0.8327464788732394 0.1137855579868709 0.07221006564551423 0.06564551422319474
5.5 0.8697183098591549 0.7658450704225352 0.8309859154929577 0.11159737417943107 0.0700218818380744 0.06564551422319474
5.6000000000000005 0.8661971830985915 0.7623239436619719 0.8257042253521126 0.10722100656455143 0.0700218818380744 0.061269146608315096
5.7 0.8591549295774648 0.7570422535211268 0.8186619718309859 0.10065645514223195 0.0700218818380744 0.05908096280087528
5.800000000000001 0.852112676056338 0.75 0.8133802816901409 0.09409190371991247 0.0700218818380744 0.05908096280087528
5.9 0.8450704225352113 0.7429577464788732 0.8045774647887324 0.087527352297593 0.06345733041575492 0.05908096280087528
6.0 0.8380281690140845 0.7359154929577465 0.801056338028169 0.08533916849015317 0.061269146608315096 0.05908096280087528
6.1000000000000005 0.8345070422535211 0.7341549295774648 0.7975352112676056 0.08315098468271334 0.05908096280087528 0.05689277899343545
6.2 0.8327464788732394 0.7306338028169014 0.795774647887324 0.08096280087527352 0.05908096280087528 0.05689277899343545
6.300000000000001 0.8309859154929577 0.727112676056338 0.795774647887324 0.08096280087527352 0.05908096280087528 0.05689277899343545
6.4 0.8257042253521126 0.7253521126760564 0.7887323943661971 0.07439824945295405 0.05908096280087528 0.0525164113785558
6.5 0.8186619718309859 0.7183098591549296 0.7816901408450704 0.06783369803063458 0.05689277899343545 0.0525164113785558
6.6000000000000005 0.8116197183098591 0.7147887323943662 0.7764084507042254 0.06564551422319474 0.05470459518599562 0.0525164113785558
6.7 0.8028169014084507 0.7130281690140845 0.7693661971830986 0.061269146608315096 0.05470459518599562 0.0525164113785558
6.800000000000001 0.7940140845070423 0.7095070422535211 0.7640845070422535 0.05689277899343545 0.05470459518599562 0.0525164113785558
6.9 0.7922535211267606 0.7077464788732394 0.7623239436619719 0.05470459518599562 0.0525164113785558 0.0525164113785558
7.0 0.7852112676056338 0.7007042253521126 0.7535211267605634 0.0525164113785558 0.0525164113785558 0.05032822757111598
7.1000000000000005 0.7834507042253521 0.698943661971831 0.7517605633802817 0.04814004376367615 0.0525164113785558 0.05032822757111598
7.2 0.778169014084507 0.6936619718309859 0.7482394366197183 0.045951859956236324 0.0525164113785558 0.045951859956236324
7.300000000000001 0.7693661971830986 0.6848591549295775 0.7394366197183099 0.03938730853391685 0.05032822757111598 0.04157549234135667
7.4 0.7640845070422535 0.6813380281690141 0.7341549295774648 0.037199124726477024 0.05032822757111598 0.04157549234135667
7.5 0.7588028169014085 0.676056338028169 0.727112676056338 0.037199124726477024 0.04814004376367615 0.03938730853391685
7.6000000000000005 0.7552816901408451 0.6742957746478874 0.7253521126760564 0.037199124726477024 0.04814004376367615 0.03938730853391685
7.7 0.75 0.670774647887324 0.7235915492957746 0.0350109409190372 0.045951859956236324 0.037199124726477024
7.800000000000001 0.7429577464788732 0.6672535211267606 0.7183098591549296 0.03282275711159737 0.0437636761487965 0.037199124726477024
7.9 0.7306338028169014 0.6566901408450704 0.704225352112676 0.030634573304157548 0.03938730853391685 0.037199124726477024
8.0 0.721830985915493 0.6461267605633803 0.6971830985915493 0.030634573304157548 0.03938730853391685 0.037199124726477024
8.1 0.7183098591549296 0.6426056338028169 0.6936619718309859 0.028446389496717725 0.03938730853391685 0.03282275711159737
8.200000000000001 0.7112676056338029 0.6373239436619719 0.6866197183098591 0.028446389496717725 0.03938730853391685 0.03282275711159737
8.3 0.7095070422535211 0.6338028169014085 0.6848591549295775 0.0262582056892779 0.0350109409190372 0.03282275711159737
8.4 0.7007042253521126 0.6267605633802817 0.676056338028169 0.0262582056892779 0.0350109409190372 0.030634573304157548
8.5 0.698943661971831 0.625 0.676056338028169 0.0262582056892779 0.0350109409190372 0.030634573304157548
8.6 0.6901408450704225 0.6179577464788732 0.6672535211267606 0.0262582056892779 0.03282275711159737 0.028446389496717725
8.700000000000001 0.6830985915492958 0.6109154929577465 0.6602112676056338 0.0262582056892779 0.030634573304157548 0.024070021881838075
8.8 0.6778169014084507 0.6073943661971831 0.6566901408450704 0.0262582056892779 0.028446389496717725 0.019693654266958426
8.9 0.670774647887324 0.6038732394366197 0.6496478873239436 0.0262582056892779 0.0262582056892779 0.019693654266958426
9.0 0.6654929577464789 0.5985915492957746 0.6443661971830986 0.0262582056892779 0.024070021881838075 0.019693654266958426
9.1 0.6619718309859155 0.5950704225352113 0.6426056338028169 0.0262582056892779 0.019693654266958426 0.0175054704595186
9.200000000000001 0.6514084507042254 0.5862676056338029 0.6355633802816901 0.024070021881838075 0.015317286652078774 0.015317286652078774
9.3 0.6496478873239436 0.5845070422535211 0.6355633802816901 0.019693654266958426 0.015317286652078774 0.015317286652078774
9.4 0.6408450704225352 0.5757042253521126 0.6285211267605634 0.019693654266958426 0.015317286652078774 0.015317286652078774
9.5 0.6390845070422535 0.573943661971831 0.6267605633802817 0.019693654266958426 0.01312910284463895 0.015317286652078774
9.600000000000001 0.6373239436619719 0.5721830985915493 0.625 0.019693654266958426 0.01312910284463895 0.015317286652078774
9.700000000000001 0.6302816901408451 0.5651408450704225 0.6179577464788732 0.0175054704595186 0.01312910284463895 0.015317286652078774
9.8 0.625 0.5616197183098591 0.6126760563380281 0.0175054704595186 0.01312910284463895 0.015317286652078774
9.9 0.6179577464788732 0.5563380281690141 0.6056338028169014 0.015317286652078774 0.010940919037199124 0.015317286652078774
10.0 0.6126760563380281 0.5528169014084507 0.6003521126760564 0.015317286652078774 0.010940919037199124 0.015317286652078774
10.100000000000001 0.6073943661971831 0.545774647887324 0.5950704225352113 0.015317286652078774 0.010940919037199124 0.015317286652078774
10.200000000000001 0.602112676056338 0.5404929577464789 0.5897887323943662 0.015317286652078774 0.0087527352297593 0.015317286652078774
10.3 0.5985915492957746 0.5352112676056338 0.5845070422535211 0.01312910284463895 0.0087527352297593 0.01312910284463895
10.4 0.5862676056338029 0.522887323943662 0.5721830985915493 0.01312910284463895 0.006564551422319475 0.010940919037199124
10.5 0.579225352112676 0.5193661971830986 0.5669014084507042 0.01312910284463895 0.006564551422319475 0.0087527352297593
10.600000000000001 0.5721830985915493 0.5123239436619719 0.5616197183098591 0.01312910284463895 0.006564551422319475 0.0087527352297593
10.700000000000001 0.5598591549295775 0.5035211267605634 0.5492957746478874 0.01312910284463895 0.00437636761487965 0.0087527352297593
10.8 0.551056338028169 0.49471830985915494 0.5404929577464789 0.01312910284463895 0.00437636761487965 0.0087527352297593
10.9 0.5440140845070423 0.4859154929577465 0.5334507042253521 0.010940919037199124 0.00437636761487965 0.0087527352297593
11.0 0.5387323943661971 0.4823943661971831 0.5316901408450704 0.010940919037199124 0.00437636761487965 0.0087527352297593
11.100000000000001 0.5334507042253521 0.4788732394366197 0.5264084507042254 0.0087527352297593 0.00437636761487965 0.006564551422319475
11.200000000000001 0.5246478873239436 0.47183098591549294 0.5176056338028169 0.0087527352297593 0.00437636761487965 0.006564551422319475
11.3 0.5158450704225352 0.4647887323943662 0.5088028169014085 0.0087527352297593 0.00437636761487965 0.006564551422319475
11.4 0.5052816901408451 0.45598591549295775 0.5 0.006564551422319475 0.00437636761487965 0.00437636761487965
11.5 0.49471830985915494 0.4454225352112676 0.49119718309859156 0.006564551422319475 0.00437636761487965 0.00437636761487965
11.600000000000001 0.4859154929577465 0.43838028169014087 0.4823943661971831 0.006564551422319475 0.00437636761487965 0.00437636761487965
11.700000000000001 0.4788732394366197 0.43309859154929575 0.4753521126760563 0.00437636761487965 0.00437636761487965 0.00437636761487965
11.8 0.4735915492957746 0.4295774647887324 0.47007042253521125 0.00437636761487965 0.00437636761487965 0.00437636761487965
11.9 0.4647887323943662 0.4225352112676056 0.4612676056338028 0.00437636761487965 0.00437636761487965 0.00437636761487965
12.0 0.45598591549295775 0.4137323943661972 0.45422535211267606 0.002188183807439825 0.00437636761487965 0.00437636761487965
12.100000000000001 0.4524647887323944 0.4119718309859155 0.4507042253521127 0.002188183807439825 0.00437636761487965 0.00437636761487965
12.200000000000001 0.448943661971831 0.4084507042253521 0.4471830985915493 0.002188183807439825 0.00437636761487965 0.00437636761487965
12.3 0.4471830985915493 0.40669014084507044 0.4454225352112676 0.002188183807439825 0.00437636761487965 0.00437636761487965
12.4 0.4454225352112676 0.40492957746478875 0.44366197183098594 0.002188183807439825 0.00437636761487965 0.00437636761487965
12.5 0.43485915492957744 0.3996478873239437 0.43485915492957744 0.002188183807439825 0.00437636761487965 0.00437636761487965
12.600000000000001 0.43133802816901406 0.397887323943662 0.43133802816901406 0.002188183807439825 0.00437636761487965 0.00437636761487965
12.700000000000001 0.4278169014084507 0.3961267605633803 0.4278169014084507 0.002188183807439825 0.00437636761487965 0.00437636761487965
12.8 0.4225352112676056 0.3908450704225352 0.42077464788732394 0.002188183807439825 0.00437636761487965 0.00437636761487965
12.9 0.42077464788732394 0.3890845070422535 0.41901408450704225 0.002188183807439825 0.00437636761487965 0.002188183807439825
13.0 0.4154929577464789 0.38380281690140844 0.4137323943661972 0.002188183807439825 0.00437636761487965 0.002188183807439825
13.100000000000001 0.4084507042253521 0.3767605633802817 0.40669014084507044 0.002188183807439825 0.00437636761487965 0.002188183807439825
13.200000000000001 0.3961267605633803 0.36619718309859156 0.39436619718309857 0.002188183807439825 0.00437636761487965 0.002188183807439825
13.3 0.3908450704225352 0.3626760563380282 0.3890845070422535 0.002188183807439825 0.00437636761487965 0.002188183807439825
13.4 0.3890845070422535 0.3609154929577465 0.3890845070422535 0.002188183807439825 0.00437636761487965 0.002188183807439825
13.5 0.3855633802816901 0.3591549295774648 0.38380281690140844 0.002188183807439825 0.00437636761487965 0.002188183807439825
13.600000000000001 0.38028169014084506 0.3538732394366197 0.3767605633802817 0.002188183807439825 0.00437636761487965 0.002188183807439825
13.700000000000001 0.3785211267605634 0.3538732394366197 0.375 0.002188183807439825 0.00437636761487965 0.002188183807439825
13.8 0.3732394366197183 0.3503521126760563 0.36971830985915494 0.002188183807439825 0.00437636761487965 0.002188183807439825
13.9 0.36619718309859156 0.34330985915492956 0.3626760563380282 0.002188183807439825 0.00437636761487965 0.002188183807439825
14.0 0.3609154929577465 0.3397887323943662 0.3573943661971831 0.002188183807439825 0.00437636761487965 0.002188183807439825
14.100000000000001 0.3538732394366197 0.3345070422535211 0.3503521126760563 0.002188183807439825 0.00437636761487965 0.002188183807439825
14.200000000000001 0.352112676056338 0.3345070422535211 0.3485915492957746 0.002188183807439825 0.00437636761487965 0.002188183807439825
14.3 0.3485915492957746 0.33098591549295775 0.34507042253521125 0.002188183807439825 0.00437636761487965 0.002188183807439825
14.4 0.3415492957746479 0.323943661971831 0.3380281690140845 0.002188183807439825 0.00437636761487965 0.002188183807439825
14.5 0.3397887323943662 0.3221830985915493 0.3362676056338028 0.002188183807439825 0.00437636761487965 0.002188183807439825
14.600000000000001 0.33098591549295775 0.31338028169014087 0.32922535211267606 0.002188183807439825 0.00437636761487965 0.002188183807439825
14.700000000000001 0.3204225352112676 0.3045774647887324 0.31866197183098594 0.002188183807439825 0.00437636761487965 0.002188183807439825
14.8 0.31866197183098594 0.3028169014084507 0.31690140845070425 0.002188183807439825 0.00437636761487965 0.002188183807439825
14.9 0.31514084507042256 0.2992957746478873 0.31161971830985913 0.002188183807439825 0.00437636761487965 0.002188183807439825
15.0 0.30633802816901406 0.2904929577464789 0.3028169014084507 0.002188183807439825 0.00437636761487965 0.002188183807439825
15.100000000000001 0.2992957746478873 0.2834507042253521 0.29577464788732394 0.002188183807439825 0.00437636761487965 0.002188183807439825
15.200000000000001 0.2904929577464789 0.2746478873239437 0.2869718309859155 0.002188183807439825 0.00437636761487965 0.002188183807439825
15.3 0.28169014084507044 0.2676056338028169 0.27816901408450706 0.002188183807439825 0.00437636761487965 0.002188183807439825
15.4 0.2711267605633803 0.25880281690140844 0.2676056338028169 0.002188183807439825 0.00437636761487965 0.002188183807439825
15.5 0.26936619718309857 0.25704225352112675 0.2658450704225352 0.002188183807439825 0.00437636761487965 0.002188183807439825
15.600000000000001 0.2658450704225352 0.2535211267605634 0.2623239436619718 0.002188183807439825 0.00437636761487965 0.002188183807439825
15.700000000000001 0.25880281690140844 0.24647887323943662 0.25528169014084506 0.002188183807439825 0.00437636761487965 0.002188183807439825
15.8 0.2517605633802817 0.23943661971830985 0.2482394366197183 0.002188183807439825 0.00437636761487965 0.002188183807439825
15.9 0.2517605633802817 0.23943661971830985 0.2482394366197183 0.002188183807439825 0.00437636761487965 0.002188183807439825
16.0 0.2482394366197183 0.23591549295774647 0.24471830985915494 0.002188183807439825 0.00437636761487965 0.002188183807439825
16.1 0.23767605633802816 0.22535211267605634 0.23415492957746478 0.0 0.00437636761487965 0.002188183807439825
16.2 0.2323943661971831 0.22007042253521128 0.22887323943661972 0.0 0.00437636761487965 0.002188183807439825
16.3 0.22711267605633803 0.2147887323943662 0.22359154929577466 0.0 0.00437636761487965 0.002188183807439825
16.400000000000002 0.22535211267605634 0.2130281690140845 0.22183098591549297 0.0 0.00437636761487965 0.0
16.5 0.22007042253521128 0.20774647887323944 0.21654929577464788 0.0 0.00437636761487965 0.0
16.6 0.2147887323943662 0.20246478873239437 0.2112676056338028 0.0 0.00437636761487965 0.0
16.7 0.20950704225352113 0.19718309859154928 0.20598591549295775 0.0 0.00437636761487965 0.0
16.8 0.20422535211267606 0.19190140845070422 0.2007042253521127 0.0 0.00437636761487965 0.0
16.900000000000002 0.2007042253521127 0.18838028169014084 0.19718309859154928 0.0 0.00437636761487965 0.0
17.0 0.1936619718309859 0.1813380281690141 0.19014084507042253 0.0 0.00437636761487965 0.0
17.1 0.18661971830985916 0.1742957746478873 0.18309859154929578 0.0 0.00437636761487965 0.0
17.2 0.1813380281690141 0.16901408450704225 0.17781690140845072 0.0 0.00437636761487965 0.0
17.3 0.17253521126760563 0.1619718309859155 0.16901408450704225 0.0 0.00437636761487965 0.0
17.400000000000002 0.17253521126760563 0.1619718309859155 0.16901408450704225 0.0 0.00437636761487965 0.0
17.5 0.17077464788732394 0.1602112676056338 0.16725352112676056 0.0 0.00437636761487965 0.0
17.6 0.17077464788732394 0.1602112676056338 0.16725352112676056 0.0 0.00437636761487965 0.0
17.7 0.16549295774647887 0.15492957746478872 0.1619718309859155 0.0 0.00437636761487965 0.0
17.8 0.1602112676056338 0.14964788732394366 0.15669014084507044 0.0 0.00437636761487965 0.0
17.900000000000002 0.15492957746478872 0.1443661971830986 0.15140845070422534 0.0 0.00437636761487965 0.0
18.0 0.15316901408450703 0.1426056338028169 0.14964788732394366 0.0 0.00437636761487965 0.0
18.1 0.14788732394366197 0.13732394366197184 0.1443661971830986 0.0 0.00437636761487965 0.0
18.2 0.14612676056338028 0.13556338028169015 0.1426056338028169 0.0 0.00437636761487965 0.0
18.3 0.14612676056338028 0.13556338028169015 0.1426056338028169 0.0 0.00437636761487965 0.0
18.400000000000002 0.1443661971830986 0.13380281690140844 0.14084507042253522 0.0 0.00437636761487965 0.0
18.5 0.1426056338028169 0.13204225352112675 0.13908450704225353 0.0 0.00437636761487965 0.0
18.6 0.13908450704225353 0.12852112676056338 0.13556338028169015 0.0 0.00437636761487965 0.0
18.7 0.13732394366197184 0.1267605633802817 0.13380281690140844 0.0 0.00437636761487965 0.0
18.8 0.13556338028169015 0.125 0.13204225352112675 0.0 0.00437636761487965 0.0
18.900000000000002 0.13028169014084506 0.11971830985915492 0.1267605633802817 0.0 0.00437636761487965 0.0
19.0 0.125 0.11443661971830986 0.12147887323943662 0.0 0.00437636761487965 0.0
19.1 0.125 0.11443661971830986 0.12147887323943662 0.0 0.00437636761487965 0.0
19.200000000000003 0.12323943661971831 0.11267605633802817 0.11971830985915492 0.0 0.00437636761487965 0.0
19.3 0.12147887323943662 0.11091549295774648 0.11795774647887323 0.0 0.00437636761487965 0.0
19.400000000000002 0.11619718309859155 0.1056338028169014 0.11267605633802817 0.0 0.002188183807439825 0.0
19.5 0.11443661971830986 0.10387323943661972 0.11267605633802817 0.0 0.002188183807439825 0.0
19.6 0.11091549295774648 0.10035211267605634 0.10915492957746478 0.0 0.002188183807439825 0.0
19.700000000000003 0.10915492957746478 0.09859154929577464 0.1073943661971831 0.0 0.002188183807439825 0.0
19.8 0.1073943661971831 0.09683098591549295 0.1056338028169014 0.0 0.002188183807439825 0.0
19.900000000000002 0.1073943661971831 0.09683098591549295 0.1056338028169014 0.0 0.002188183807439825 0.0
20.0 0.1073943661971831 0.09683098591549295 0.1056338028169014 0.0 0.002188183807439825 0.0
20.1 0.1073943661971831 0.09683098591549295 0.1056338028169014 0.0 0.002188183807439825 0.0
20.200000000000003 0.1073943661971831 0.09683098591549295 0.1056338028169014 0.0 0.002188183807439825 0.0
20.3 0.10387323943661972 0.09330985915492958 0.10211267605633803 0.0 0.002188183807439825 0.0
20.400000000000002 0.10035211267605634 0.0897887323943662 0.09859154929577464 0.0 0.002188183807439825 0.0
20.5 0.09859154929577464 0.0880281690140845 0.09683098591549295 0.0 0.002188183807439825 0.0
20.6 0.09859154929577464 0.0880281690140845 0.09683098591549295 0.0 0.002188183807439825 0.0
20.700000000000003 0.09507042253521127 0.08450704225352113 0.09330985915492958 0.0 0.002188183807439825 0.0
20.8 0.09330985915492958 0.08274647887323944 0.09154929577464789 0.0 0.002188183807439825 0.0
20.900000000000002 0.0880281690140845 0.07922535211267606 0.08626760563380281 0.0 0.002188183807439825 0.0
21.0 0.08626760563380281 0.07922535211267606 0.08450704225352113 0.0 0.002188183807439825 0.0
21.1 0.08274647887323944 0.07570422535211267 0.08098591549295775 0.0 0.002188183807439825 0.0
21.200000000000003 0.08098591549295775 0.07394366197183098 0.07922535211267606 0.0 0.002188183807439825 0.0
21.3 0.07570422535211267 0.06866197183098592 0.07394366197183098 0.0 0.002188183807439825 0.0
21.400000000000002 0.07570422535211267 0.06866197183098592 0.07394366197183098 0.0 0.002188183807439825 0.0
21.5 0.07394366197183098 0.06690140845070422 0.0721830985915493 0.0 0.0 0.0
21.6 0.07042253521126761 0.06338028169014084 0.06866197183098592 0.0 0.0 0.0
21.700000000000003 0.06866197183098592 0.06338028169014084 0.06690140845070422 0.0 0.0 0.0
21.8 0.06866197183098592 0.06338028169014084 0.06690140845070422 0.0 0.0 0.0
21.900000000000002 0.06866197183098592 0.06338028169014084 0.06690140845070422 0.0 0.0 0.0
22.0 0.06690140845070422 0.061619718309859156 0.06514084507042253 0.0 0.0 0.0
22.1 0.06690140845070422 0.061619718309859156 0.06514084507042253 0.0 0.0 0.0
22.200000000000003 0.06514084507042253 0.05985915492957746 0.06514084507042253 0.0 0.0 0.0
22.3 0.06338028169014084 0.058098591549295774 0.06338028169014084 0.0 0.0 0.0
22.400000000000002 0.06338028169014084 0.058098591549295774 0.06338028169014084 0.0 0.0 0.0
22.5 0.06338028169014084 0.058098591549295774 0.06338028169014084 0.0 0.0 0.0
22.6 0.05985915492957746 0.05457746478873239 0.05985915492957746 0.0 0.0 0.0
22.700000000000003 0.058098591549295774 0.05457746478873239 0.058098591549295774 0.0 0.0 0.0
22.8 0.056338028169014086 0.0528169014084507 0.056338028169014086 0.0 0.0 0.0
22.900000000000002 0.056338028169014086 0.0528169014084507 0.056338028169014086 0.0 0.0 0.0
23.0 0.056338028169014086 0.0528169014084507 0.056338028169014086 0.0 0.0 0.0
23.1 0.051056338028169015 0.04753521126760563 0.051056338028169015 0.0 0.0 0.0
23.200000000000003 0.051056338028169015 0.04753521126760563 0.051056338028169015 0.0 0.0 0.0
23.3 0.04929577464788732 0.045774647887323945 0.04929577464788732 0.0 0.0 0.0
23.400000000000002 0.04929577464788732 0.045774647887323945 0.04929577464788732 0.0 0.0 0.0
23.5 0.04753521126760563 0.045774647887323945 0.04753521126760563 0.0 0.0 0.0
23.6 0.045774647887323945 0.04401408450704225 0.045774647887323945 0.0 0.0 0.0
23.700000000000003 0.04401408450704225 0.04225352112676056 0.04401408450704225 0.0 0.0 0.0
23.8 0.040492957746478875 0.03873239436619718 0.040492957746478875 0.0 0.0 0.0
23.900000000000002 0.040492957746478875 0.03873239436619718 0.040492957746478875 0.0 0.0 0.0
24.0 0.040492957746478875 0.03873239436619718 0.040492957746478875 0.0 0.0 0.0
24.1 0.040492957746478875 0.03873239436619718 0.040492957746478875 0.0 0.0 0.0
24.200000000000003 0.040492957746478875 0.03873239436619718 0.040492957746478875 0.0 0.0 0.0
24.3 0.040492957746478875 0.03873239436619718 0.040492957746478875 0.0 0.0 0.0
24.400000000000002 0.040492957746478875 0.03873239436619718 0.040492957746478875 0.0 0.0 0.0
24.5 0.040492957746478875 0.03873239436619718 0.040492957746478875 0.0 0.0 0.0
24.6 0.03873239436619718 0.03697183098591549 0.03873239436619718 0.0 0.0 0.0
24.700000000000003 0.03873239436619718 0.03697183098591549 0.03873239436619718 0.0 0.0 0.0
24.8 0.03697183098591549 0.035211267605633804 0.03697183098591549 0.0 0.0 0.0
24.900000000000002 0.035211267605633804 0.03345070422535211 0.035211267605633804 0.0 0.0 0.0
25.0 0.035211267605633804 0.03345070422535211 0.035211267605633804 0.0 0.0 0.0
