confidence_dash tpr_dash fpr_dash
0.1836 0.5594149908592322 0.05069124423963134
0.19176400000000002 0.5594149908592322 0.05069124423963134
0.19992800000000002 0.5594149908592322 0.05069124423963134
0.208092 0.5594149908592322 0.05069124423963134
0.216256 0.5594149908592322 0.05069124423963134
0.22442 0.5594149908592322 0.05069124423963134
0.232584 0.5594149908592322 0.05069124423963134
0.24074800000000002 0.5594149908592322 0.05069124423963134
0.24891200000000002 0.5594149908592322 0.05069124423963134
0.257076 0.5594149908592322 0.05069124423963134
0.26524000000000003 0.5594149908592322 0.05069124423963134
0.273404 0.5594149908592322 0.05069124423963134
0.28156800000000004 0.5594149908592322 0.05069124423963134
0.289732 0.5594149908592322 0.05069124423963134
0.297896 0.5594149908592322 0.05069124423963134
0.30606 0.5594149908592322 0.05069124423963134
0.314224 0.5594149908592322 0.05069124423963134
0.322388 0.5594149908592322 0.05069124423963134
0.330552 0.5594149908592322 0.05069124423963134
0.338716 0.5594149908592322 0.05069124423963134
0.34687999999999997 0.5594149908592322 0.05069124423963134
0.355044 0.5594149908592322 0.05069124423963134
0.363208 0.5594149908592322 0.05069124423963134
0.37137200000000004 0.5594149908592322 0.05069124423963134
0.379536 0.5594149908592322 0.05069124423963134
0.3877 0.5594149908592322 0.05069124423963134
0.395864 0.5594149908592322 0.05069124423963134
0.404028 0.5594149908592322 0.05069124423963134
0.412192 0.5594149908592322 0.05069124423963134
0.420356 0.5594149908592322 0.05069124423963134
0.42852 0.5594149908592322 0.05069124423963134
0.43668399999999996 0.5594149908592322 0.05069124423963134
0.444848 0.5594149908592322 0.05069124423963134
0.45301199999999997 0.5594149908592322 0.05069124423963134
0.46117600000000003 0.5594149908592322 0.05069124423963134
0.46934 0.5594149908592322 0.05069124423963134
0.47750400000000004 0.5594149908592322 0.05069124423963134
0.485668 0.5594149908592322 0.05069124423963134
0.49383199999999994 0.5594149908592322 0.05069124423963134
0.501996 0.5594149908592322 0.05069124423963134
0.51016 0.5594149908592322 0.05069124423963134
0.518324 0.5594149908592322 0.05069124423963134
0.526488 0.5594149908592322 0.05069124423963134
0.534652 0.5594149908592322 0.05069124423963134
0.542816 0.5594149908592322 0.05069124423963134
0.55098 0.5575868372943327 0.05069124423963134
0.559144 0.5575868372943327 0.05069124423963134
0.567308 0.5575868372943327 0.05069124423963134
0.575472 0.5575868372943327 0.05069124423963134
0.5836359999999999 0.5557586837294333 0.05069124423963134
0.5918 0.5557586837294333 0.05069124423963134
0.5999639999999999 0.5557586837294333 0.05069124423963134
0.608128 0.5557586837294333 0.05069124423963134
0.616292 0.5539305301645339 0.05069124423963134
0.624456 0.5539305301645339 0.05069124423963134
0.63262 0.5539305301645339 0.05069124423963134
0.640784 0.5539305301645339 0.05069124423963134
0.648948 0.5539305301645339 0.05069124423963134
0.657112 0.5539305301645339 0.05069124423963134
0.665276 0.5521023765996343 0.05069124423963134
0.6734399999999999 0.5521023765996343 0.05069124423963134
0.681604 0.5521023765996343 0.05069124423963134
0.6897679999999999 0.5521023765996343 0.05069124423963134
0.697932 0.5521023765996343 0.05069124423963134
0.706096 0.5521023765996343 0.05069124423963134
0.7142599999999999 0.5502742230347349 0.05069124423963134
0.722424 0.5502742230347349 0.05069124423963134
0.7305879999999999 0.5502742230347349 0.05069124423963134
0.738752 0.5502742230347349 0.05069124423963134
0.7469159999999999 0.5484460694698354 0.05069124423963134
0.75508 0.546617915904936 0.05069124423963134
0.7632439999999999 0.5447897623400365 0.05069124423963134
0.771408 0.5447897623400365 0.05069124423963134
0.7795719999999999 0.5447897623400365 0.05069124423963134
0.787736 0.5429616087751371 0.05069124423963134
0.7958999999999999 0.5411334552102377 0.05069124423963134
0.8040639999999999 0.5411334552102377 0.05069124423963134
0.812228 0.5393053016453382 0.05069124423963134
0.8203919999999999 0.5393053016453382 0.05069124423963134
0.828556 0.5393053016453382 0.05069124423963134
0.8367199999999999 0.5374771480804388 0.05069124423963134
0.844884 0.5374771480804388 0.05069124423963134
0.8530479999999999 0.5356489945155393 0.05069124423963134
0.861212 0.5356489945155393 0.05069124423963134
0.8693759999999999 0.5319926873857403 0.05069124423963134
0.87754 0.5319926873857403 0.05069124423963134
0.8857039999999999 0.5319926873857403 0.05069124423963134
0.8938679999999999 0.5301645338208409 0.04608294930875576
0.902032 0.5301645338208409 0.04608294930875576
0.9101959999999999 0.526508226691042 0.04608294930875576
0.91836 0.5246800731261426 0.04608294930875576
0.9265239999999999 0.5210237659963437 0.041474654377880185
0.934688 0.5191956124314442 0.041474654377880185
0.9428519999999999 0.5173674588665448 0.041474654377880185
0.951016 0.5155393053016454 0.041474654377880185
0.9591799999999999 0.5137111517367459 0.041474654377880185
0.967344 0.5118829981718465 0.041474654377880185
0.9755079999999999 0.506398537477148 0.041474654377880185
0.9836719999999999 0.49725776965265084 0.041474654377880185
0.9918359999999999 0.47714808043875684 0.027649769585253458
