rlap_dash tpr_dash fpr_dash
0.0 0.7887323943661971 0.08096280087527352
0.1 0.7887323943661971 0.08096280087527352
0.2 0.7887323943661971 0.08096280087527352
0.30000000000000004 0.7887323943661971 0.08096280087527352
0.4 0.7887323943661971 0.08096280087527352
0.5 0.7869718309859155 0.08096280087527352
0.6000000000000001 0.7869718309859155 0.08096280087527352
0.7000000000000001 0.7869718309859155 0.08096280087527352
0.8 0.7834507042253521 0.08096280087527352
0.9 0.7746478873239436 0.08096280087527352
1.0 0.772887323943662 0.07658643326039387
1.1 0.7693661971830986 0.07658643326039387
1.2000000000000002 0.7676056338028169 0.07221006564551423
1.3 0.7623239436619719 0.07221006564551423
1.4000000000000001 0.7588028169014085 0.07221006564551423
1.5 0.7517605633802817 0.07221006564551423
1.6 0.7517605633802817 0.07221006564551423
1.7000000000000002 0.7517605633802817 0.0525164113785558
1.8 0.7482394366197183 0.0525164113785558
1.9000000000000001 0.7411971830985915 0.0525164113785558
2.0 0.7253521126760564 0.037199124726477024
2.1 0.7200704225352113 0.037199124726477024
2.2 0.7165492957746479 0.037199124726477024
2.3000000000000003 0.7130281690140845 0.037199124726477024
2.4000000000000004 0.6971830985915493 0.037199124726477024
2.5 0.6954225352112676 0.037199124726477024
2.6 0.6848591549295775 0.037199124726477024
2.7 0.676056338028169 0.037199124726477024
2.8000000000000003 0.6672535211267606 0.028446389496717725
2.9000000000000004 0.6654929577464789 0.028446389496717725
3.0 0.6602112676056338 0.028446389496717725
3.1 0.6496478873239436 0.028446389496717725
3.2 0.6390845070422535 0.028446389496717725
3.3000000000000003 0.6144366197183099 0.028446389496717725
3.4000000000000004 0.6073943661971831 0.028446389496717725
3.5 0.6003521126760564 0.028446389496717725
3.6 0.5985915492957746 0.028446389496717725
3.7 0.5915492957746479 0.028446389496717725
3.8000000000000003 0.5809859154929577 0.028446389496717725
3.9000000000000004 0.5704225352112676 0.028446389496717725
4.0 0.5633802816901409 0.028446389496717725
4.1000000000000005 0.5404929577464789 0.028446389496717725
4.2 0.5352112676056338 0.028446389496717725
4.3 0.522887323943662 0.028446389496717725
4.4 0.5052816901408451 0.028446389496717725
4.5 0.49471830985915494 0.028446389496717725
4.6000000000000005 0.4823943661971831 0.028446389496717725
4.7 0.46830985915492956 0.028446389496717725
4.800000000000001 0.4630281690140845 0.028446389496717725
4.9 0.4471830985915493 0.0262582056892779
5.0 0.43485915492957744 0.0262582056892779
5.1000000000000005 0.4278169014084507 0.0262582056892779
5.2 0.426056338028169 0.0262582056892779
5.300000000000001 0.41901408450704225 0.0262582056892779
5.4 0.4154929577464789 0.019693654266958426
5.5 0.40316901408450706 0.019693654266958426
5.6000000000000005 0.39436619718309857 0.019693654266958426
5.7 0.3855633802816901 0.019693654266958426
5.800000000000001 0.35563380281690143 0.019693654266958426
5.9 0.3538732394366197 0.019693654266958426
6.0 0.34330985915492956 0.019693654266958426
6.1000000000000005 0.32922535211267606 0.019693654266958426
6.2 0.3045774647887324 0.019693654266958426
6.300000000000001 0.2975352112676056 0.015317286652078774
6.4 0.2975352112676056 0.015317286652078774
6.5 0.2887323943661972 0.015317286652078774
6.6000000000000005 0.2852112676056338 0.015317286652078774
6.7 0.2834507042253521 0.015317286652078774
6.800000000000001 0.2676056338028169 0.015317286652078774
6.9 0.2605633802816901 0.015317286652078774
7.0 0.24471830985915494 0.015317286652078774
7.1000000000000005 0.23591549295774647 0.0087527352297593
7.2 0.23415492957746478 0.0087527352297593
7.300000000000001 0.2323943661971831 0.0087527352297593
7.4 0.22711267605633803 0.0087527352297593
7.5 0.22359154929577466 0.0087527352297593
7.6000000000000005 0.2130281690140845 0.0087527352297593
7.7 0.20422535211267606 0.0087527352297593
7.800000000000001 0.20246478873239437 0.0087527352297593
7.9 0.198943661971831 0.0087527352297593
8.0 0.19190140845070422 0.0087527352297593
8.1 0.18661971830985916 0.0087527352297593
8.200000000000001 0.1795774647887324 0.0087527352297593
8.3 0.1795774647887324 0.0087527352297593
8.4 0.17077464788732394 0.006564551422319475
8.5 0.16725352112676056 0.006564551422319475
8.6 0.1637323943661972 0.006564551422319475
8.700000000000001 0.1619718309859155 0.006564551422319475
8.8 0.15845070422535212 0.006564551422319475
8.9 0.15669014084507044 0.006564551422319475
9.0 0.15669014084507044 0.006564551422319475
9.1 0.14964788732394366 0.006564551422319475
9.200000000000001 0.14964788732394366 0.006564551422319475
9.3 0.14612676056338028 0.006564551422319475
9.4 0.1426056338028169 0.0
9.5 0.14084507042253522 0.0
9.600000000000001 0.13732394366197184 0.0
9.700000000000001 0.13204225352112675 0.0
9.8 0.13204225352112675 0.0
9.9 0.13028169014084506 0.0
10.0 0.1267605633802817 0.0
10.100000000000001 0.1267605633802817 0.0
10.200000000000001 0.12323943661971831 0.0
10.3 0.12147887323943662 0.0
10.4 0.12147887323943662 0.0
10.5 0.11267605633802817 0.0
10.600000000000001 0.10915492957746478 0.0
10.700000000000001 0.10915492957746478 0.0
10.8 0.10915492957746478 0.0
10.9 0.10915492957746478 0.0
11.0 0.1073943661971831 0.0
11.100000000000001 0.10387323943661972 0.0
11.200000000000001 0.09507042253521127 0.0
11.3 0.09507042253521127 0.0
11.4 0.09330985915492958 0.0
11.5 0.09330985915492958 0.0
11.600000000000001 0.09154929577464789 0.0
11.700000000000001 0.08274647887323944 0.0
11.8 0.08098591549295775 0.0
11.9 0.061619718309859156 0.0
12.0 0.05985915492957746 0.0
12.100000000000001 0.058098591549295774 0.0
12.200000000000001 0.058098591549295774 0.0
12.3 0.05457746478873239 0.0
12.4 0.05457746478873239 0.0
12.5 0.05457746478873239 0.0
12.600000000000001 0.05457746478873239 0.0
12.700000000000001 0.05457746478873239 0.0
12.8 0.05457746478873239 0.0
12.9 0.0528169014084507 0.0
13.0 0.045774647887323945 0.0
13.100000000000001 0.045774647887323945 0.0
13.200000000000001 0.045774647887323945 0.0
13.3 0.045774647887323945 0.0
13.4 0.045774647887323945 0.0
13.5 0.045774647887323945 0.0
13.600000000000001 0.045774647887323945 0.0
13.700000000000001 0.04401408450704225 0.0
13.8 0.04401408450704225 0.0
13.9 0.04225352112676056 0.0
14.0 0.04225352112676056 0.0
14.100000000000001 0.04225352112676056 0.0
14.200000000000001 0.03697183098591549 0.0
14.3 0.02640845070422535 0.0
14.4 0.022887323943661973 0.0
14.5 0.022887323943661973 0.0
14.600000000000001 0.022887323943661973 0.0
14.700000000000001 0.022887323943661973 0.0
14.8 0.022887323943661973 0.0
14.9 0.022887323943661973 0.0
15.0 0.017605633802816902 0.0
15.100000000000001 0.017605633802816902 0.0
15.200000000000001 0.017605633802816902 0.0
15.3 0.017605633802816902 0.0
15.4 0.01584507042253521 0.0
15.5 0.01584507042253521 0.0
15.600000000000001 0.01584507042253521 0.0
15.700000000000001 0.01584507042253521 0.0
15.8 0.01584507042253521 0.0
15.9 0.01584507042253521 0.0
16.0 0.01584507042253521 0.0
16.1 0.01584507042253521 0.0
16.2 0.01584507042253521 0.0
16.3 0.01584507042253521 0.0
16.400000000000002 0.01584507042253521 0.0
16.5 0.01584507042253521 0.0
16.6 0.01584507042253521 0.0
16.7 0.01584507042253521 0.0
16.8 0.01056338028169014 0.0
16.900000000000002 0.01056338028169014 0.0
17.0 0.01056338028169014 0.0
17.1 0.01056338028169014 0.0
17.2 0.01056338028169014 0.0
17.3 0.01056338028169014 0.0
17.400000000000002 0.01056338028169014 0.0
17.5 0.01056338028169014 0.0
17.6 0.01056338028169014 0.0
17.7 0.01056338028169014 0.0
17.8 0.008802816901408451 0.0
17.900000000000002 0.008802816901408451 0.0
18.0 0.008802816901408451 0.0
18.1 0.008802816901408451 0.0
18.2 0.008802816901408451 0.0
18.3 0.008802816901408451 0.0
18.400000000000002 0.008802816901408451 0.0
18.5 0.007042253521126761 0.0
18.6 0.007042253521126761 0.0
18.7 0.007042253521126761 0.0
18.8 0.00528169014084507 0.0
18.900000000000002 0.00528169014084507 0.0
19.0 0.00528169014084507 0.0
19.1 0.00528169014084507 0.0
19.200000000000003 0.00528169014084507 0.0
19.3 0.00528169014084507 0.0
19.400000000000002 0.00528169014084507 0.0
19.5 0.00528169014084507 0.0
19.6 0.00528169014084507 0.0
19.700000000000003 0.00528169014084507 0.0
19.8 0.00528169014084507 0.0
19.900000000000002 0.00528169014084507 0.0
20.0 0.00528169014084507 0.0
20.1 0.00528169014084507 0.0
20.200000000000003 0.00528169014084507 0.0
20.3 0.00528169014084507 0.0
20.400000000000002 0.00528169014084507 0.0
20.5 0.00528169014084507 0.0
20.6 0.00528169014084507 0.0
20.700000000000003 0.00528169014084507 0.0
20.8 0.00528169014084507 0.0
20.900000000000002 0.00528169014084507 0.0
21.0 0.00528169014084507 0.0
21.1 0.00528169014084507 0.0
21.200000000000003 0.00528169014084507 0.0
21.3 0.00528169014084507 0.0
21.400000000000002 0.00528169014084507 0.0
21.5 0.00528169014084507 0.0
21.6 0.00528169014084507 0.0
21.700000000000003 0.00528169014084507 0.0
21.8 0.00528169014084507 0.0
21.900000000000002 0.00528169014084507 0.0
22.0 0.00528169014084507 0.0
22.1 0.00528169014084507 0.0
22.200000000000003 0.00528169014084507 0.0
22.3 0.00528169014084507 0.0
22.400000000000002 0.00528169014084507 0.0
22.5 0.0035211267605633804 0.0
22.6 0.0035211267605633804 0.0
22.700000000000003 0.0035211267605633804 0.0
22.8 0.0017605633802816902 0.0
22.900000000000002 0.0017605633802816902 0.0
23.0 0.0017605633802816902 0.0
23.1 0.0017605633802816902 0.0
23.200000000000003 0.0017605633802816902 0.0
23.3 0.0017605633802816902 0.0
23.400000000000002 0.0017605633802816902 0.0
23.5 0.0017605633802816902 0.0
23.6 0.0017605633802816902 0.0
23.700000000000003 0.0017605633802816902 0.0
23.8 0.0017605633802816902 0.0
23.900000000000002 0.0017605633802816902 0.0
24.0 0.0017605633802816902 0.0
24.1 0.0017605633802816902 0.0
24.200000000000003 0.0017605633802816902 0.0
24.3 0.0017605633802816902 0.0
24.400000000000002 0.0017605633802816902 0.0
24.5 0.0017605633802816902 0.0
24.6 0.0017605633802816902 0.0
24.700000000000003 0.0017605633802816902 0.0
24.8 0.0017605633802816902 0.0
24.900000000000002 0.0 0.0
25.0 0.0 0.0
