rlap_snid tpr_snid fpr_snid
0.0 0.8961267605633803 0.1575492341356674
0.1 0.8961267605633803 0.1575492341356674
0.2 0.8961267605633803 0.1575492341356674
0.30000000000000004 0.8961267605633803 0.1575492341356674
0.4 0.8961267605633803 0.1575492341356674
0.5 0.8961267605633803 0.1575492341356674
0.6000000000000001 0.8961267605633803 0.1575492341356674
0.7000000000000001 0.8961267605633803 0.1575492341356674
0.8 0.8961267605633803 0.1575492341356674
0.9 0.8961267605633803 0.1575492341356674
1.0 0.8961267605633803 0.1575492341356674
1.1 0.8961267605633803 0.1575492341356674
1.2000000000000002 0.8961267605633803 0.1575492341356674
1.3 0.8961267605633803 0.1575492341356674
1.4000000000000001 0.8961267605633803 0.1575492341356674
1.5 0.8961267605633803 0.1575492341356674
1.6 0.8961267605633803 0.1575492341356674
1.7000000000000002 0.8961267605633803 0.1575492341356674
1.8 0.8961267605633803 0.1575492341356674
1.9000000000000001 0.8961267605633803 0.1575492341356674
2.0 0.8961267605633803 0.1575492341356674
2.1 0.8961267605633803 0.1575492341356674
2.2 0.8961267605633803 0.1575492341356674
2.3000000000000003 0.8961267605633803 0.1575492341356674
2.4000000000000004 0.8961267605633803 0.1575492341356674
2.5 0.8961267605633803 0.1575492341356674
2.6 0.8961267605633803 0.1575492341356674
2.7 0.8961267605633803 0.1575492341356674
2.8000000000000003 0.8961267605633803 0.1575492341356674
2.9000000000000004 0.8961267605633803 0.1575492341356674
3.0 0.8961267605633803 0.1575492341356674
3.1 0.8961267605633803 0.1575492341356674
3.2 0.8961267605633803 0.1575492341356674
3.3000000000000003 0.8961267605633803 0.1575492341356674
3.4000000000000004 0.8961267605633803 0.1575492341356674
3.5 0.8961267605633803 0.1575492341356674
3.6 0.8961267605633803 0.1575492341356674
3.7 0.8943661971830986 0.1575492341356674
3.8000000000000003 0.8943661971830986 0.1575492341356674
3.9000000000000004 0.8943661971830986 0.1575492341356674
4.0 0.8943661971830986 0.1575492341356674
4.1000000000000005 0.8926056338028169 0.1575492341356674
4.2 0.8926056338028169 0.15536105032822758
4.3 0.8926056338028169 0.15098468271334792
4.4 0.8926056338028169 0.1487964989059081
4.5 0.8908450704225352 0.14660831509846828
4.6000000000000005 0.8908450704225352 0.14442013129102846
4.7 0.8908450704225352 0.1400437636761488
4.800000000000001 0.8908450704225352 0.13566739606126915
4.9 0.8890845070422535 0.13347921225382933
5.0 0.8890845070422535 0.12910284463894967
5.1000000000000005 0.8890845070422535 0.12253829321663019
5.2 0.8838028169014085 0.11816192560175055
5.300000000000001 0.8767605633802817 0.11597374179431072
5.4 0.8732394366197183 0.1137855579868709
5.5 0.8697183098591549 0.11159737417943107
5.6000000000000005 0.8661971830985915 0.10722100656455143
5.7 0.8591549295774648 0.10065645514223195
5.800000000000001 0.852112676056338 0.09409190371991247
5.9 0.8450704225352113 0.087527352297593
6.0 0.8380281690140845 0.08533916849015317
6.1000000000000005 0.8345070422535211 0.08315098468271334
6.2 0.8327464788732394 0.08096280087527352
6.300000000000001 0.8309859154929577 0.08096280087527352
6.4 0.8257042253521126 0.07439824945295405
6.5 0.8186619718309859 0.06783369803063458
6.6000000000000005 0.8116197183098591 0.06564551422319474
6.7 0.8028169014084507 0.061269146608315096
6.800000000000001 0.7940140845070423 0.05689277899343545
6.9 0.7922535211267606 0.05470459518599562
7.0 0.7852112676056338 0.0525164113785558
7.1000000000000005 0.7834507042253521 0.04814004376367615
7.2 0.778169014084507 0.045951859956236324
7.300000000000001 0.7693661971830986 0.03938730853391685
7.4 0.7640845070422535 0.037199124726477024
7.5 0.7588028169014085 0.037199124726477024
7.6000000000000005 0.7552816901408451 0.037199124726477024
7.7 0.75 0.0350109409190372
7.800000000000001 0.7429577464788732 0.03282275711159737
7.9 0.7306338028169014 0.030634573304157548
8.0 0.721830985915493 0.030634573304157548
8.1 0.7183098591549296 0.028446389496717725
8.200000000000001 0.7112676056338029 0.028446389496717725
8.3 0.7095070422535211 0.0262582056892779
8.4 0.7007042253521126 0.0262582056892779
8.5 0.698943661971831 0.0262582056892779
8.6 0.6901408450704225 0.0262582056892779
8.700000000000001 0.6830985915492958 0.0262582056892779
8.8 0.6778169014084507 0.0262582056892779
8.9 0.670774647887324 0.0262582056892779
9.0 0.6654929577464789 0.0262582056892779
9.1 0.6619718309859155 0.0262582056892779
9.200000000000001 0.6514084507042254 0.024070021881838075
9.3 0.6496478873239436 0.019693654266958426
9.4 0.6408450704225352 0.019693654266958426
9.5 0.6390845070422535 0.019693654266958426
9.600000000000001 0.6373239436619719 0.019693654266958426
9.700000000000001 0.6302816901408451 0.0175054704595186
9.8 0.625 0.0175054704595186
9.9 0.6179577464788732 0.015317286652078774
10.0 0.6126760563380281 0.015317286652078774
10.100000000000001 0.6073943661971831 0.015317286652078774
10.200000000000001 0.602112676056338 0.015317286652078774
10.3 0.5985915492957746 0.01312910284463895
10.4 0.5862676056338029 0.01312910284463895
10.5 0.579225352112676 0.01312910284463895
10.600000000000001 0.5721830985915493 0.01312910284463895
10.700000000000001 0.5598591549295775 0.01312910284463895
10.8 0.551056338028169 0.01312910284463895
10.9 0.5440140845070423 0.010940919037199124
11.0 0.5387323943661971 0.010940919037199124
11.100000000000001 0.5334507042253521 0.0087527352297593
11.200000000000001 0.5246478873239436 0.0087527352297593
11.3 0.5158450704225352 0.0087527352297593
11.4 0.5052816901408451 0.006564551422319475
11.5 0.49471830985915494 0.006564551422319475
11.600000000000001 0.4859154929577465 0.006564551422319475
11.700000000000001 0.4788732394366197 0.00437636761487965
11.8 0.4735915492957746 0.00437636761487965
11.9 0.4647887323943662 0.00437636761487965
12.0 0.45598591549295775 0.002188183807439825
12.100000000000001 0.4524647887323944 0.002188183807439825
12.200000000000001 0.448943661971831 0.002188183807439825
12.3 0.4471830985915493 0.002188183807439825
12.4 0.4454225352112676 0.002188183807439825
12.5 0.43485915492957744 0.002188183807439825
12.600000000000001 0.43133802816901406 0.002188183807439825
12.700000000000001 0.4278169014084507 0.002188183807439825
12.8 0.4225352112676056 0.002188183807439825
12.9 0.42077464788732394 0.002188183807439825
13.0 0.4154929577464789 0.002188183807439825
13.100000000000001 0.4084507042253521 0.002188183807439825
13.200000000000001 0.3961267605633803 0.002188183807439825
13.3 0.3908450704225352 0.002188183807439825
13.4 0.3890845070422535 0.002188183807439825
13.5 0.3855633802816901 0.002188183807439825
13.600000000000001 0.38028169014084506 0.002188183807439825
13.700000000000001 0.3785211267605634 0.002188183807439825
13.8 0.3732394366197183 0.002188183807439825
13.9 0.36619718309859156 0.002188183807439825
14.0 0.3609154929577465 0.002188183807439825
14.100000000000001 0.3538732394366197 0.002188183807439825
14.200000000000001 0.352112676056338 0.002188183807439825
14.3 0.3485915492957746 0.002188183807439825
14.4 0.3415492957746479 0.002188183807439825
14.5 0.3397887323943662 0.002188183807439825
14.600000000000001 0.33098591549295775 0.002188183807439825
14.700000000000001 0.3204225352112676 0.002188183807439825
14.8 0.31866197183098594 0.002188183807439825
14.9 0.31514084507042256 0.002188183807439825
15.0 0.30633802816901406 0.002188183807439825
15.100000000000001 0.2992957746478873 0.002188183807439825
15.200000000000001 0.2904929577464789 0.002188183807439825
15.3 0.28169014084507044 0.002188183807439825
15.4 0.2711267605633803 0.002188183807439825
15.5 0.26936619718309857 0.002188183807439825
15.600000000000001 0.2658450704225352 0.002188183807439825
15.700000000000001 0.25880281690140844 0.002188183807439825
15.8 0.2517605633802817 0.002188183807439825
15.9 0.2517605633802817 0.002188183807439825
16.0 0.2482394366197183 0.002188183807439825
16.1 0.23767605633802816 0.0
16.2 0.2323943661971831 0.0
16.3 0.22711267605633803 0.0
16.400000000000002 0.22535211267605634 0.0
16.5 0.22007042253521128 0.0
16.6 0.2147887323943662 0.0
16.7 0.20950704225352113 0.0
16.8 0.20422535211267606 0.0
16.900000000000002 0.2007042253521127 0.0
17.0 0.1936619718309859 0.0
17.1 0.18661971830985916 0.0
17.2 0.1813380281690141 0.0
17.3 0.17253521126760563 0.0
17.400000000000002 0.17253521126760563 0.0
17.5 0.17077464788732394 0.0
17.6 0.17077464788732394 0.0
17.7 0.16549295774647887 0.0
17.8 0.1602112676056338 0.0
17.900000000000002 0.15492957746478872 0.0
18.0 0.15316901408450703 0.0
18.1 0.14788732394366197 0.0
18.2 0.14612676056338028 0.0
18.3 0.14612676056338028 0.0
18.400000000000002 0.1443661971830986 0.0
18.5 0.1426056338028169 0.0
18.6 0.13908450704225353 0.0
18.7 0.13732394366197184 0.0
18.8 0.13556338028169015 0.0
18.900000000000002 0.13028169014084506 0.0
19.0 0.125 0.0
19.1 0.125 0.0
19.200000000000003 0.12323943661971831 0.0
19.3 0.12147887323943662 0.0
19.400000000000002 0.11619718309859155 0.0
19.5 0.11443661971830986 0.0
19.6 0.11091549295774648 0.0
19.700000000000003 0.10915492957746478 0.0
19.8 0.1073943661971831 0.0
19.900000000000002 0.1073943661971831 0.0
20.0 0.1073943661971831 0.0
20.1 0.1073943661971831 0.0
20.200000000000003 0.1073943661971831 0.0
20.3 0.10387323943661972 0.0
20.400000000000002 0.10035211267605634 0.0
20.5 0.09859154929577464 0.0
20.6 0.09859154929577464 0.0
20.700000000000003 0.09507042253521127 0.0
20.8 0.09330985915492958 0.0
20.900000000000002 0.0880281690140845 0.0
21.0 0.08626760563380281 0.0
21.1 0.08274647887323944 0.0
21.200000000000003 0.08098591549295775 0.0
21.3 0.07570422535211267 0.0
21.400000000000002 0.07570422535211267 0.0
21.5 0.07394366197183098 0.0
21.6 0.07042253521126761 0.0
21.700000000000003 0.06866197183098592 0.0
21.8 0.06866197183098592 0.0
21.900000000000002 0.06866197183098592 0.0
22.0 0.06690140845070422 0.0
22.1 0.06690140845070422 0.0
22.200000000000003 0.06514084507042253 0.0
22.3 0.06338028169014084 0.0
22.400000000000002 0.06338028169014084 0.0
22.5 0.06338028169014084 0.0
22.6 0.05985915492957746 0.0
22.700000000000003 0.058098591549295774 0.0
22.8 0.056338028169014086 0.0
22.900000000000002 0.056338028169014086 0.0
23.0 0.056338028169014086 0.0
23.1 0.051056338028169015 0.0
23.200000000000003 0.051056338028169015 0.0
23.3 0.04929577464788732 0.0
23.400000000000002 0.04929577464788732 0.0
23.5 0.04753521126760563 0.0
23.6 0.045774647887323945 0.0
23.700000000000003 0.04401408450704225 0.0
23.8 0.040492957746478875 0.0
23.900000000000002 0.040492957746478875 0.0
24.0 0.040492957746478875 0.0
24.1 0.040492957746478875 0.0
24.200000000000003 0.040492957746478875 0.0
24.3 0.040492957746478875 0.0
24.400000000000002 0.040492957746478875 0.0
24.5 0.040492957746478875 0.0
24.6 0.03873239436619718 0.0
24.700000000000003 0.03873239436619718 0.0
24.8 0.03697183098591549 0.0
24.900000000000002 0.035211267605633804 0.0
25.0 0.035211267605633804 0.0
