chi2_superfit tpr_superfit fpr_superfit
3.0 0.8609154929577465 0.07221006564551423
2.9900333333333333 0.8609154929577465 0.07221006564551423
2.9800666666666666 0.8609154929577465 0.07221006564551423
2.9701 0.8609154929577465 0.07221006564551423
2.9601333333333333 0.8609154929577465 0.07221006564551423
2.9501666666666666 0.8609154929577465 0.07221006564551423
2.9402 0.8609154929577465 0.07221006564551423
2.9302333333333332 0.8609154929577465 0.07221006564551423
2.9202666666666666 0.8609154929577465 0.07221006564551423
2.9103 0.8609154929577465 0.07221006564551423
2.900333333333333 0.8609154929577465 0.07221006564551423
2.8903666666666665 0.8609154929577465 0.07221006564551423
2.8804 0.8609154929577465 0.07221006564551423
2.870433333333333 0.8609154929577465 0.07221006564551423
2.8604666666666665 0.8609154929577465 0.07221006564551423
2.8505 0.8609154929577465 0.07221006564551423
2.840533333333333 0.8609154929577465 0.07221006564551423
2.8305666666666665 0.8609154929577465 0.07221006564551423
2.8205999999999998 0.8609154929577465 0.07221006564551423
2.8106333333333335 0.8609154929577465 0.07221006564551423
2.800666666666667 0.8609154929577465 0.07221006564551423
2.7907 0.8609154929577465 0.07221006564551423
2.7807333333333335 0.8609154929577465 0.07221006564551423
2.770766666666667 0.8609154929577465 0.07221006564551423
2.7608 0.8609154929577465 0.0700218818380744
2.7508333333333335 0.8609154929577465 0.0700218818380744
2.740866666666667 0.8609154929577465 0.0700218818380744
2.7309 0.8609154929577465 0.0700218818380744
2.7209333333333334 0.8609154929577465 0.0700218818380744
2.7109666666666667 0.8609154929577465 0.0700218818380744
2.701 0.8609154929577465 0.0700218818380744
2.6910333333333334 0.8609154929577465 0.0700218818380744
2.6810666666666667 0.8609154929577465 0.0700218818380744
2.6711 0.8609154929577465 0.0700218818380744
2.6611333333333334 0.8609154929577465 0.0700218818380744
2.6511666666666667 0.8609154929577465 0.0700218818380744
2.6412 0.8609154929577465 0.0700218818380744
2.6312333333333333 0.8609154929577465 0.0700218818380744
2.6212666666666666 0.8609154929577465 0.0700218818380744
2.6113 0.8609154929577465 0.0700218818380744
2.6013333333333333 0.8609154929577465 0.0700218818380744
2.5913666666666666 0.8609154929577465 0.0700218818380744
2.5814 0.8609154929577465 0.0700218818380744
2.5714333333333332 0.8609154929577465 0.0700218818380744
2.5614666666666666 0.8609154929577465 0.0700218818380744
2.5515 0.8609154929577465 0.0700218818380744
2.541533333333333 0.8609154929577465 0.0700218818380744
2.5315666666666665 0.8609154929577465 0.0700218818380744
2.5216 0.8609154929577465 0.0700218818380744
2.511633333333333 0.8609154929577465 0.0700218818380744
2.5016666666666665 0.8609154929577465 0.0700218818380744
2.4917 0.8609154929577465 0.0700218818380744
2.4817333333333336 0.8609154929577465 0.0700218818380744
2.4717666666666664 0.8609154929577465 0.0700218818380744
2.4618 0.8609154929577465 0.0700218818380744
2.451833333333333 0.8609154929577465 0.0700218818380744
2.441866666666667 0.8609154929577465 0.0700218818380744
2.4318999999999997 0.8609154929577465 0.0700218818380744
2.4219333333333335 0.8609154929577465 0.0700218818380744
2.4119666666666664 0.8609154929577465 0.0700218818380744
2.402 0.8609154929577465 0.0700218818380744
2.3920333333333335 0.8609154929577465 0.0700218818380744
2.3820666666666668 0.8609154929577465 0.0700218818380744
2.3721 0.8609154929577465 0.0700218818380744
2.3621333333333334 0.8609154929577465 0.0700218818380744
2.3521666666666667 0.8609154929577465 0.0700218818380744
2.3422 0.8609154929577465 0.0700218818380744
2.3322333333333334 0.8609154929577465 0.0700218818380744
2.3222666666666667 0.8609154929577465 0.0700218818380744
2.3123 0.8609154929577465 0.0700218818380744
2.3023333333333333 0.8609154929577465 0.0700218818380744
2.2923666666666667 0.8609154929577465 0.0700218818380744
2.2824 0.8609154929577465 0.0700218818380744
2.2724333333333333 0.8609154929577465 0.0700218818380744
2.2624666666666666 0.8609154929577465 0.0700218818380744
2.2525 0.8609154929577465 0.0700218818380744
2.2425333333333333 0.8609154929577465 0.0700218818380744
2.2325666666666666 0.8609154929577465 0.0700218818380744
2.2226 0.8609154929577465 0.0700218818380744
2.2126333333333332 0.8609154929577465 0.0700218818380744
2.2026666666666666 0.8609154929577465 0.0700218818380744
2.1927 0.8609154929577465 0.0700218818380744
2.182733333333333 0.8609154929577465 0.0700218818380744
2.1727666666666665 0.8609154929577465 0.0700218818380744
2.1628 0.8609154929577465 0.0700218818380744
2.152833333333333 0.8609154929577465 0.0700218818380744
2.1428666666666665 0.8609154929577465 0.0700218818380744
2.1329000000000002 0.8609154929577465 0.0700218818380744
2.122933333333333 0.8609154929577465 0.0700218818380744
2.112966666666667 0.8609154929577465 0.0700218818380744
2.1029999999999998 0.8609154929577465 0.0700218818380744
2.0930333333333335 0.8609154929577465 0.0700218818380744
2.0830666666666664 0.8609154929577465 0.0700218818380744
2.0731 0.8609154929577465 0.0700218818380744
2.063133333333333 0.8609154929577465 0.0700218818380744
2.053166666666667 0.8609154929577465 0.0700218818380744
2.0431999999999997 0.8609154929577465 0.0700218818380744
2.0332333333333334 0.8609154929577465 0.0700218818380744
2.0232666666666668 0.8609154929577465 0.0700218818380744
2.0133 0.8609154929577465 0.0700218818380744
2.0033333333333334 0.8609154929577465 0.0700218818380744
1.9933666666666667 0.8609154929577465 0.0700218818380744
1.9834 0.8609154929577465 0.0700218818380744
1.9734333333333334 0.8609154929577465 0.0700218818380744
1.9634666666666667 0.8609154929577465 0.0700218818380744
1.9535 0.8609154929577465 0.0700218818380744
1.9435333333333333 0.8609154929577465 0.0700218818380744
1.9335666666666667 0.8609154929577465 0.0700218818380744
1.9236 0.8609154929577465 0.0700218818380744
1.9136333333333333 0.8609154929577465 0.0700218818380744
1.9036666666666666 0.8609154929577465 0.0700218818380744
1.8937 0.8609154929577465 0.0700218818380744
1.8837333333333333 0.8609154929577465 0.0700218818380744
1.8737666666666666 0.8609154929577465 0.0700218818380744
1.8638 0.8609154929577465 0.0700218818380744
1.8538333333333332 0.8609154929577465 0.0700218818380744
1.8438666666666665 0.8609154929577465 0.0700218818380744
1.8338999999999999 0.8609154929577465 0.0700218818380744
1.8239333333333332 0.8609154929577465 0.0700218818380744
1.8139666666666667 0.8609154929577465 0.0700218818380744
1.804 0.8609154929577465 0.0700218818380744
1.7940333333333334 0.8609154929577465 0.0700218818380744
1.7840666666666667 0.8609154929577465 0.0700218818380744
1.7741 0.8609154929577465 0.0700218818380744
1.7641333333333333 0.8609154929577465 0.0700218818380744
1.7541666666666667 0.8609154929577465 0.0700218818380744
1.7442 0.8609154929577465 0.0700218818380744
1.7342333333333333 0.8609154929577465 0.0700218818380744
1.7242666666666666 0.8609154929577465 0.0700218818380744
1.7143 0.8609154929577465 0.0700218818380744
1.7043333333333333 0.8609154929577465 0.0700218818380744
1.6943666666666666 0.8609154929577465 0.0700218818380744
1.6844 0.8609154929577465 0.0700218818380744
1.6744333333333332 0.8609154929577465 0.0700218818380744
1.6644666666666665 0.8609154929577465 0.0700218818380744
1.6544999999999999 0.8609154929577465 0.0700218818380744
1.6445333333333332 0.8609154929577465 0.0700218818380744
1.6345666666666665 0.8609154929577465 0.0700218818380744
1.6246 0.8609154929577465 0.0700218818380744
1.6146333333333334 0.8609154929577465 0.0700218818380744
1.6046666666666667 0.8609154929577465 0.0700218818380744
1.5947 0.8609154929577465 0.0700218818380744
1.5847333333333333 0.8609154929577465 0.0700218818380744
1.5747666666666666 0.8609154929577465 0.0700218818380744
1.5648 0.8609154929577465 0.0700218818380744
1.5548333333333333 0.8609154929577465 0.0700218818380744
1.5448666666666666 0.8609154929577465 0.0700218818380744
1.5349 0.8609154929577465 0.0700218818380744
1.5249333333333333 0.8609154929577465 0.0700218818380744
1.5149666666666666 0.8609154929577465 0.0700218818380744
1.505 0.8609154929577465 0.0700218818380744
1.4950333333333332 0.8609154929577465 0.0700218818380744
1.4850666666666665 0.8609154929577465 0.0700218818380744
1.4750999999999999 0.8609154929577465 0.0700218818380744
1.4651333333333332 0.8609154929577465 0.0700218818380744
1.4551666666666665 0.8609154929577465 0.0700218818380744
1.4452 0.8609154929577465 0.0700218818380744
1.4352333333333334 0.8609154929577465 0.0700218818380744
1.4252666666666667 0.8609154929577465 0.0700218818380744
1.4153 0.8609154929577465 0.0700218818380744
1.4053333333333333 0.8609154929577465 0.0700218818380744
1.3953666666666666 0.8609154929577465 0.0700218818380744
1.3854 0.8609154929577465 0.0700218818380744
1.3754333333333333 0.8609154929577465 0.0700218818380744
1.3654666666666666 0.8609154929577465 0.0700218818380744
1.3555 0.8609154929577465 0.0700218818380744
1.3455333333333332 0.8609154929577465 0.0700218818380744
1.3355666666666666 0.8609154929577465 0.0700218818380744
1.3256 0.8609154929577465 0.0700218818380744
1.3156333333333332 0.8609154929577465 0.0700218818380744
1.3056666666666665 0.8609154929577465 0.0700218818380744
1.2956999999999999 0.8609154929577465 0.0700218818380744
1.2857333333333332 0.8609154929577465 0.0700218818380744
1.2757666666666665 0.8609154929577465 0.0700218818380744
1.2658 0.8609154929577465 0.0700218818380744
1.2558333333333334 0.8609154929577465 0.0700218818380744
1.2458666666666667 0.8609154929577465 0.0700218818380744
1.2359 0.8609154929577465 0.0700218818380744
1.2259333333333333 0.8609154929577465 0.0700218818380744
1.2159666666666666 0.8609154929577465 0.0700218818380744
1.206 0.8609154929577465 0.0700218818380744
1.1960333333333333 0.8609154929577465 0.0700218818380744
1.1860666666666666 0.8609154929577465 0.0700218818380744
1.1761 0.8609154929577465 0.0700218818380744
1.1661333333333332 0.8609154929577465 0.0700218818380744
1.1561666666666666 0.8609154929577465 0.0700218818380744
1.1461999999999999 0.8609154929577465 0.0700218818380744
1.1362333333333332 0.8609154929577465 0.0700218818380744
1.1262666666666665 0.8609154929577465 0.0700218818380744
1.1162999999999998 0.8609154929577465 0.0700218818380744
1.1063333333333332 0.8609154929577465 0.0700218818380744
1.0963666666666665 0.8609154929577465 0.0700218818380744
1.0863999999999998 0.8609154929577465 0.0700218818380744
1.0764333333333334 0.8609154929577465 0.0700218818380744
1.0664666666666667 0.8609154929577465 0.0700218818380744
1.0565 0.8609154929577465 0.0700218818380744
1.0465333333333333 0.8609154929577465 0.0700218818380744
1.0365666666666666 0.8609154929577465 0.0700218818380744
1.0266 0.8609154929577465 0.0700218818380744
1.0166333333333333 0.8609154929577465 0.0700218818380744
1.0066666666666666 0.8609154929577465 0.0700218818380744
0.9966999999999997 0.8609154929577465 0.0700218818380744
0.9867333333333335 0.8609154929577465 0.0700218818380744
0.9767666666666668 0.8609154929577465 0.0700218818380744
0.9668000000000001 0.8609154929577465 0.0700218818380744
0.9568333333333334 0.8609154929577465 0.0700218818380744
0.9468666666666667 0.8609154929577465 0.0700218818380744
0.9369000000000001 0.8609154929577465 0.0700218818380744
0.9269333333333334 0.8609154929577465 0.0700218818380744
0.9169666666666667 0.8609154929577465 0.0700218818380744
0.907 0.8609154929577465 0.0700218818380744
0.8970333333333333 0.8609154929577465 0.0700218818380744
0.8870666666666667 0.8609154929577465 0.0700218818380744
0.8771 0.8609154929577465 0.0700218818380744
0.8671333333333333 0.8609154929577465 0.0700218818380744
0.8571666666666666 0.8609154929577465 0.0700218818380744
0.8472 0.8609154929577465 0.0700218818380744
0.8372333333333333 0.8609154929577465 0.0700218818380744
0.8272666666666666 0.8609154929577465 0.0700218818380744
0.8172999999999999 0.8609154929577465 0.0700218818380744
0.8073333333333332 0.8609154929577465 0.0700218818380744
0.7973666666666666 0.8609154929577465 0.0700218818380744
0.7873999999999999 0.8609154929577465 0.0700218818380744
0.7774333333333332 0.8609154929577465 0.0700218818380744
0.7674666666666665 0.8609154929577465 0.0700218818380744
0.7574999999999998 0.8609154929577465 0.0700218818380744
0.7475333333333332 0.8609154929577465 0.0700218818380744
0.7375666666666665 0.8609154929577465 0.0700218818380744
0.7275999999999998 0.8609154929577465 0.0700218818380744
0.7176333333333331 0.8609154929577465 0.0700218818380744
0.7076666666666664 0.8609154929577465 0.0700218818380744
0.6976999999999998 0.8609154929577465 0.0700218818380744
0.6877333333333331 0.8609154929577465 0.0700218818380744
0.6777666666666664 0.8609154929577465 0.0700218818380744
0.6677999999999997 0.8609154929577465 0.0700218818380744
0.657833333333333 0.8609154929577465 0.0700218818380744
0.6478666666666664 0.8609154929577465 0.0700218818380744
0.6378999999999997 0.8609154929577465 0.0700218818380744
0.6279333333333335 0.8609154929577465 0.0700218818380744
0.6179666666666668 0.8609154929577465 0.0700218818380744
0.6080000000000001 0.8609154929577465 0.0700218818380744
0.5980333333333334 0.8609154929577465 0.0700218818380744
0.5880666666666667 0.8609154929577465 0.0700218818380744
0.5781000000000001 0.8609154929577465 0.0700218818380744
0.5681333333333334 0.8609154929577465 0.0700218818380744
0.5581666666666667 0.8609154929577465 0.0700218818380744
0.5482 0.8609154929577465 0.0700218818380744
0.5382333333333333 0.8609154929577465 0.0700218818380744
0.5282666666666667 0.8609154929577465 0.0700218818380744
0.5183 0.8609154929577465 0.0700218818380744
0.5083333333333333 0.8609154929577465 0.0700218818380744
0.4983666666666666 0.8609154929577465 0.0700218818380744
0.48839999999999995 0.8609154929577465 0.0700218818380744
0.47843333333333327 0.8609154929577465 0.0700218818380744
0.4684666666666666 0.8609154929577465 0.0700218818380744
0.4584999999999999 0.8609154929577465 0.0700218818380744
0.44853333333333323 0.8609154929577465 0.0700218818380744
0.43856666666666655 0.8609154929577465 0.0700218818380744
0.42859999999999987 0.8609154929577465 0.0700218818380744
0.4186333333333332 0.8609154929577465 0.0700218818380744
0.4086666666666665 0.8609154929577465 0.0700218818380744
0.39869999999999983 0.8609154929577465 0.0700218818380744
0.38873333333333315 0.8609154929577465 0.0700218818380744
0.3787666666666665 0.8609154929577465 0.0700218818380744
0.3687999999999998 0.8609154929577465 0.0700218818380744
0.3588333333333331 0.8609154929577465 0.0700218818380744
0.34886666666666644 0.8609154929577465 0.0700218818380744
0.33889999999999976 0.8609154929577465 0.0700218818380744
0.3289333333333331 0.8609154929577465 0.0700218818380744
0.3189666666666664 0.8609154929577465 0.0700218818380744
0.3089999999999997 0.8609154929577465 0.0700218818380744
0.29903333333333304 0.8609154929577465 0.0700218818380744
0.28906666666666636 0.8609154929577465 0.0700218818380744
0.2790999999999997 0.8609154929577465 0.0700218818380744
0.269133333333333 0.8609154929577465 0.0700218818380744
0.25916666666666677 0.8609154929577465 0.0700218818380744
0.2492000000000001 0.8609154929577465 0.0700218818380744
0.2392333333333334 0.8609154929577465 0.0700218818380744
0.22926666666666673 0.8609154929577465 0.0700218818380744
0.21930000000000005 0.8609154929577465 0.0700218818380744
0.20933333333333337 0.8609154929577465 0.0700218818380744
0.1993666666666667 0.8609154929577465 0.0700218818380744
0.1894 0.8609154929577465 0.0700218818380744
0.17943333333333333 0.8609154929577465 0.0700218818380744
0.16946666666666665 0.8609154929577465 0.0700218818380744
0.15949999999999998 0.8609154929577465 0.0700218818380744
0.1495333333333333 0.8609154929577465 0.0700218818380744
0.13956666666666662 0.8591549295774648 0.0700218818380744
0.12959999999999994 0.8591549295774648 0.0700218818380744
0.11963333333333326 0.8591549295774648 0.0700218818380744
0.10966666666666658 0.8573943661971831 0.0700218818380744
0.0996999999999999 0.8573943661971831 0.0700218818380744
0.08973333333333322 0.8573943661971831 0.0700218818380744
0.07976666666666654 0.8573943661971831 0.0700218818380744
0.06979999999999986 0.8573943661971831 0.06783369803063458
0.05983333333333318 0.8556338028169014 0.06783369803063458
0.049866666666666504 0.8538732394366197 0.06783369803063458
0.039899999999999824 0.8538732394366197 0.06783369803063458
0.029933333333333145 0.8485915492957746 0.06783369803063458
0.019966666666666466 0.8397887323943662 0.06783369803063458
0.01 0.8274647887323944 0.06564551422319474
