FPR	TPR
0.014844804318488529	0.38154613466334164
0.014844804318488529	0.38154613466334164
0.014844804318488529	0.3802992518703242
0.014844804318488529	0.3790523690773067
0.01349527665317139	0.37281795511221943
0.012145748987854251	0.36783042394014964
0.012145748987854251	0.35910224438902744
0.010796221322537112	0.3566084788029925
0.009446693657219974	0.34538653366583544
0.009446693657219974	0.33915211970074816
0.009446693657219974	0.32917705735660846
0.008097165991902834	0.3179551122194514
0.008097165991902834	0.3117206982543641
0.008097165991902834	0.29800498753117205
0.008097165991902834	0.2817955112219451
0.008097165991902834	0.2730673316708229
0.008097165991902834	0.2630922693266833
0.008097165991902834	0.24812967581047382
0.008097165991902834	0.23067331670822944
0.008097165991902834	0.21820448877805487
0.006747638326585695	0.20448877805486285
0.006747638326585695	0.19825436408977556
0.005398110661268556	0.18703241895261846
0.005398110661268556	0.17331670822942644
0.005398110661268556	0.16209476309226933
0.005398110661268556	0.14713216957605985
0.004048582995951417	0.14214463840399003
0.004048582995951417	0.13466334164588528
0.004048582995951417	0.11970074812967581
0.002699055330634278	0.11596009975062344
0.002699055330634278	0.10972568578553615
0.002699055330634278	0.09725685785536159
0.002699055330634278	0.08977556109725686
0.002699055330634278	0.08478802992518704
0.001349527665317139	0.0773067331670823
0.001349527665317139	0.07231920199501247
0.001349527665317139	0.07107231920199501
0.001349527665317139	0.06733167082294264
0.0	0.06359102244389027
0.0	0.057356608478802994
0.0	0.05486284289276808
0.0	0.05112219451371571
0.0	0.04738154613466334
0.0	0.04488778054862843
0.0	0.043640897755610975
0.0	0.0399002493765586
0.0	0.03865336658354115
0.0	0.03366583541147132
0.0	0.029925187032418952
0.0	0.02743142144638404
0.0	0.026184538653366583
0.0	0.026184538653366583
0.0	0.022443890274314215
0.0	0.022443890274314215
0.0	0.022443890274314215
0.0	0.02119700748129676
0.0	0.0199501246882793
0.0	0.014962593516209476
0.0	0.012468827930174564
0.0	0.012468827930174564
0.0	0.00997506234413965
0.0	0.00997506234413965
0.0	0.008728179551122194
0.0	0.008728179551122194
0.0	0.008728179551122194
0.0	0.008728179551122194
0.0	0.008728179551122194
0.0	0.008728179551122194
0.0	0.007481296758104738
0.0	0.007481296758104738
0.0	0.007481296758104738
0.0	0.007481296758104738
0.0	0.006234413965087282
0.0	0.006234413965087282
0.0	0.004987531172069825
0.0	0.004987531172069825
0.0	0.003740648379052369
0.0	0.003740648379052369
0.0	0.003740648379052369
0.0	0.003740648379052369
0.0	0.003740648379052369
0.0	0.003740648379052369
0.0	0.003740648379052369
0.0	0.003740648379052369
0.0	0.003740648379052369
0.0	0.003740648379052369
0.0	0.003740648379052369
0.0	0.003740648379052369
0.0	0.003740648379052369
0.0	0.003740648379052369
0.0	0.0024937655860349127
0.0	0.0012468827930174563
0.0	0.0012468827930174563
0.0	0.0012468827930174563
0.0	0.0012468827930174563
0.0	0.0012468827930174563
0.0	0.0012468827930174563
0.0	0.0012468827930174563
0.0	0.0012468827930174563
0.0	0.0012468827930174563
0.0	0.0
