FPR	TPR
0.17813765182186234	0.9002493765586035
0.17813765182186234	0.9002493765586035
0.17813765182186234	0.9002493765586035
0.17813765182186234	0.9002493765586035
0.17813765182186234	0.9002493765586035
0.17813765182186234	0.9002493765586035
0.17813765182186234	0.9002493765586035
0.17813765182186234	0.9002493765586035
0.17813765182186234	0.9002493765586035
0.17813765182186234	0.9002493765586035
0.17813765182186234	0.9002493765586035
0.17813765182186234	0.9002493765586035
0.17813765182186234	0.9002493765586035
0.17813765182186234	0.9002493765586035
0.1767881241565452	0.9002493765586035
0.17543859649122806	0.899002493765586
0.17408906882591094	0.8977556109725686
0.17139001349527666	0.8965087281795511
0.1632928475033738	0.8940149625935162
0.15789473684210525	0.8915211970074813
0.14979757085020243	0.8890274314214464
0.1349527665317139	0.8790523690773068
0.12685560053981107	0.8703241895261845
0.11470985155195682	0.85785536159601
0.10526315789473684	0.8391521197007481
0.09986504723346828	0.8341645885286783
0.08906882591093117	0.8179551122194514
0.08097165991902834	0.7992518703241895
0.07422402159244265	0.7805486284289277
0.06747638326585695	0.7668329177057357
0.059379217273954114	0.7531172069825436
0.05263157894736842	0.743142144638404
0.05128205128205128	0.7144638403990025
0.044534412955465584	0.6982543640897756
0.043184885290148446	0.6807980049875312
0.043184885290148446	0.6633416458852868
0.04183535762483131	0.6508728179551122
0.03913630229419703	0.6371571072319202
0.033738191632928474	0.6197007481296758
0.02699055330634278	0.6022443890274314
0.024291497975708502	0.587281795511222
0.021592442645074223	0.5760598503740648
0.020242914979757085	0.5536159600997507
0.018893387314439947	0.5336658354114713
0.016194331983805668	0.5187032418952618
0.01349527665317139	0.5024937655860349
0.010796221322537112	0.4800498753117207
0.009446693657219974	0.46508728179551123
0.006747638326585695	0.4513715710723192
0.006747638326585695	0.4451371571072319
0.005398110661268556	0.43017456359102246
0.004048582995951417	0.42144638403990026
0.004048582995951417	0.41271820448877805
0.004048582995951417	0.3915211970074813
0.004048582995951417	0.385286783042394
0.004048582995951417	0.37281795511221943
0.004048582995951417	0.36034912718204487
0.004048582995951417	0.3491271820448878
0.002699055330634278	0.33790523690773067
0.002699055330634278	0.3229426433915212
0.002699055330634278	0.3117206982543641
0.002699055330634278	0.29301745635910226
0.002699055330634278	0.27556109725685785
0.002699055330634278	0.2655860349127182
0.002699055330634278	0.2581047381546135
0.001349527665317139	0.23940149625935161
0.001349527665317139	0.23067331670822944
0.001349527665317139	0.21820448877805487
0.001349527665317139	0.2057356608478803
0.001349527665317139	0.18703241895261846
0.001349527665317139	0.18329177057356608
0.001349527665317139	0.1745635910224439
0.001349527665317139	0.16708229426433915
0.001349527665317139	0.15835411471321695
0.001349527665317139	0.1546134663341646
0.001349527665317139	0.1483790523690773
0.001349527665317139	0.13216957605985039
0.001349527665317139	0.12718204488778054
0.001349527665317139	0.11845386533665836
0.001349527665317139	0.11097256857855362
0.001349527665317139	0.10723192019950124
0.001349527665317139	0.10473815461346633
0.001349527665317139	0.09975062344139651
0.001349527665317139	0.0885286783042394
0.001349527665317139	0.08229426433915212
0.001349527665317139	0.07356608478802992
0.001349527665317139	0.06733167082294264
0.001349527665317139	0.06359102244389027
0.001349527665317139	0.06109725685785536
0.001349527665317139	0.05860349127182045
0.001349527665317139	0.057356608478802994
0.001349527665317139	0.05236907730673317
0.001349527665317139	0.05236907730673317
0.001349527665317139	0.048628428927680795
0.001349527665317139	0.04488778054862843
0.001349527665317139	0.0399002493765586
0.001349527665317139	0.03865336658354115
0.001349527665317139	0.03865336658354115
0.001349527665317139	0.03865336658354115
0.001349527665317139	0.034912718204488775
0.001349527665317139	0.03366583541147132
