FPR	TPR
0.11267605633802817	0.949438202247191
0.11267605633802817	0.949438202247191
0.11267605633802817	0.949438202247191
0.11267605633802817	0.949438202247191
0.11267605633802817	0.949438202247191
0.11267605633802817	0.949438202247191
0.11267605633802817	0.949438202247191
0.11267605633802817	0.949438202247191
0.11267605633802817	0.949438202247191
0.11267605633802817	0.949438202247191
0.11267605633802817	0.949438202247191
0.11267605633802817	0.949438202247191
0.11267605633802817	0.949438202247191
0.11267605633802817	0.949438202247191
0.11267605633802817	0.949438202247191
0.107981220657277	0.949438202247191
0.107981220657277	0.949438202247191
0.107981220657277	0.949438202247191
0.09859154929577464	0.949438202247191
0.09389671361502347	0.947565543071161
0.09389671361502347	0.9456928838951311
0.08450704225352113	0.9438202247191011
0.07981220657276995	0.9400749063670412
0.07511737089201878	0.9382022471910112
0.06572769953051644	0.9250936329588015
0.056338028169014086	0.9232209737827716
0.051643192488262914	0.9138576779026217
0.04225352112676056	0.8951310861423221
0.03755868544600939	0.8782771535580525
0.03755868544600939	0.8670411985018727
0.023474178403755867	0.8520599250936329
0.023474178403755867	0.8445692883895131
0.023474178403755867	0.8089887640449438
0.023474178403755867	0.7902621722846442
0.023474178403755867	0.7715355805243446
0.023474178403755867	0.7528089887640449
0.018779342723004695	0.7378277153558053
0.018779342723004695	0.7228464419475655
0.018779342723004695	0.7116104868913857
0.018779342723004695	0.6891385767790262
0.009389671361502348	0.6797752808988764
0.009389671361502348	0.6685393258426966
0.009389671361502348	0.6441947565543071
0.009389671361502348	0.6235955056179775
0.009389671361502348	0.6123595505617978
0.009389671361502348	0.5955056179775281
0.009389671361502348	0.5730337078651685
0.009389671361502348	0.5617977528089888
0.009389671361502348	0.550561797752809
0.009389671361502348	0.5411985018726592
0.004694835680751174	0.5224719101123596
0.004694835680751174	0.5149812734082397
0.004694835680751174	0.5037453183520599
0.004694835680751174	0.4812734082397004
0.004694835680751174	0.47191011235955055
0.004694835680751174	0.4550561797752809
0.004694835680751174	0.4419475655430712
0.004694835680751174	0.42696629213483145
0.004694835680751174	0.41385767790262173
0.004694835680751174	0.39325842696629215
0.004694835680751174	0.3782771535580524
0.004694835680751174	0.3539325842696629
0.004694835680751174	0.3333333333333333
0.004694835680751174	0.32397003745318353
0.004694835680751174	0.3146067415730337
0.004694835680751174	0.29213483146067415
0.004694835680751174	0.27902621722846443
0.004694835680751174	0.26591760299625467
0.004694835680751174	0.250936329588015
0.004694835680751174	0.22659176029962547
0.004694835680751174	0.2209737827715356
0.004694835680751174	0.20786516853932585
0.004694835680751174	0.19850187265917604
0.004694835680751174	0.18726591760299627
0.004694835680751174	0.18352059925093633
0.004694835680751174	0.1760299625468165
0.004694835680751174	0.15917602996254682
0.004694835680751174	0.15168539325842698
0.004694835680751174	0.14232209737827714
0.004694835680751174	0.13857677902621723
0.004694835680751174	0.1348314606741573
0.004694835680751174	0.13108614232209737
0.004694835680751174	0.1254681647940075
0.004694835680751174	0.1104868913857678
0.004694835680751174	0.10112359550561797
0.004694835680751174	0.09176029962546817
0.004694835680751174	0.08614232209737828
0.004694835680751174	0.08052434456928839
0.004694835680751174	0.07677902621722846
0.004694835680751174	0.07303370786516854
0.004694835680751174	0.07116104868913857
0.004694835680751174	0.06367041198501873
0.004694835680751174	0.06367041198501873
0.004694835680751174	0.05805243445692884
0.004694835680751174	0.052434456928838954
0.004694835680751174	0.04681647940074907
0.004694835680751174	0.04681647940074907
0.004694835680751174	0.04681647940074907
0.004694835680751174	0.04681647940074907
0.004694835680751174	0.04119850187265917
0.004694835680751174	0.03932584269662921
0.014844804318488529	0.38154613466334164
0.014844804318488529	0.38154613466334164
0.014844804318488529	0.3802992518703242
0.014844804318488529	0.3790523690773067
0.01349527665317139	0.37281795511221943
0.012145748987854251	0.36783042394014964
0.012145748987854251	0.35910224438902744
0.010796221322537112	0.3566084788029925
0.009446693657219974	0.34538653366583544
0.009446693657219974	0.33915211970074816
0.009446693657219974	0.32917705735660846
0.008097165991902834	0.3179551122194514
0.008097165991902834	0.3117206982543641
0.008097165991902834	0.29800498753117205
0.008097165991902834	0.2817955112219451
0.008097165991902834	0.2730673316708229
0.008097165991902834	0.2630922693266833
0.008097165991902834	0.24812967581047382
0.008097165991902834	0.23067331670822944
0.008097165991902834	0.21820448877805487
0.006747638326585695	0.20448877805486285
0.006747638326585695	0.19825436408977556
0.005398110661268556	0.18703241895261846
0.005398110661268556	0.17331670822942644
0.005398110661268556	0.16209476309226933
0.005398110661268556	0.14713216957605985
0.004048582995951417	0.14214463840399003
0.004048582995951417	0.13466334164588528
0.004048582995951417	0.11970074812967581
0.002699055330634278	0.11596009975062344
0.002699055330634278	0.10972568578553615
0.002699055330634278	0.09725685785536159
0.002699055330634278	0.08977556109725686
0.002699055330634278	0.08478802992518704
0.001349527665317139	0.0773067331670823
0.001349527665317139	0.07231920199501247
0.001349527665317139	0.07107231920199501
0.001349527665317139	0.06733167082294264
0.0	0.06359102244389027
0.0	0.057356608478802994
0.0	0.05486284289276808
0.0	0.05112219451371571
0.0	0.04738154613466334
0.0	0.04488778054862843
0.0	0.043640897755610975
0.0	0.0399002493765586
0.0	0.03865336658354115
0.0	0.03366583541147132
0.0	0.029925187032418952
0.0	0.02743142144638404
0.0	0.026184538653366583
0.0	0.026184538653366583
0.0	0.022443890274314215
0.0	0.022443890274314215
0.0	0.022443890274314215
0.0	0.02119700748129676
0.0	0.0199501246882793
0.0	0.014962593516209476
0.0	0.012468827930174564
0.0	0.012468827930174564
0.0	0.00997506234413965
0.0	0.00997506234413965
0.0	0.008728179551122194
0.0	0.008728179551122194
0.0	0.008728179551122194
0.0	0.008728179551122194
0.0	0.008728179551122194
0.0	0.008728179551122194
0.0	0.007481296758104738
0.0	0.007481296758104738
0.0	0.007481296758104738
0.0	0.007481296758104738
0.0	0.006234413965087282
0.0	0.006234413965087282
0.0	0.004987531172069825
0.0	0.004987531172069825
0.0	0.003740648379052369
0.0	0.003740648379052369
0.0	0.003740648379052369
0.0	0.003740648379052369
0.0	0.003740648379052369
0.0	0.003740648379052369
0.0	0.003740648379052369
0.0	0.003740648379052369
0.0	0.003740648379052369
0.0	0.003740648379052369
0.0	0.003740648379052369
0.0	0.003740648379052369
0.0	0.003740648379052369
0.0	0.003740648379052369
0.0	0.0024937655860349127
0.0	0.0012468827930174563
0.0	0.0012468827930174563
0.0	0.0012468827930174563
0.0	0.0012468827930174563
0.0	0.0012468827930174563
0.0	0.0012468827930174563
0.0	0.0012468827930174563
0.0	0.0012468827930174563
0.0	0.0012468827930174563
0.0	0.0
